-1809365386
-833
-830
-19
-16
-2
0
0
0
0
0
0
0
0
0
0
0
0
0
0
0
1
1
3
4
5
5
5
8
21
24
28
28
28
59
112
128
128
128
838
5948
4407856
5013248
7207788
7207848
7208030
7208030
7208030
7208080
7880224
13238272
13238272
13238272
13238272
13238272
13238272
13238464
13238880
13238952
13239680
13239720
13241880
13241888
13241888
13241888
13241888
13241888
13241904
13241904
13241912
13280248
13280472
13280472
16777216
16842880
16875736
54924072
58590078
83886085
402653208
402653208
402653208
935394308
935394420
1081603580
1157628742
1157628742
1157628742
1968859317
1969615252
1969618488
1997041876
1997102348
2010068963
2010069010
2010075046
2010075046
2010168681
2010262512
2147155970
