-2097151614
-1681335535
-1526317283
-765115927
-603979299
-553647905
-553647395
-520092702
-503316254
-452984348
-251657999
-251657999
-251657999
-65536
-290
-289
-281
-226
-222
-81
-71
-71
-71
-67
-67
-67
-64
-2
-2
-2
-2
-2
0
0
0
0
0
0
0
0
0
0
0
0
0
0
0
0
0
0
0
0
0
0
0
0
0
0
0
0
0
0
0
0
0
0
0
0
0
0
0
0
0
0
0
0
0
0
0
0
0
0
0
0
0
0
0
0
0
0
0
0
0
0
0
0
0
0
0
0
0
0
0
0
0
0
0
0
0
0
0
0
0
0
0
0
0
0
0
0
0
0
0
0
0
0
0
0
0
0
0
0
0
0
0
0
0
0
0
0
0
0
0
0
0
0
0
0
0
0
0
0
0
0
0
0
0
0
0
1
1
1
1
1
1
1
1
1
1
1
1
1
1
1
1
1
2
2
2
2
2
2
2
2
2
2
2
2
3
3
3
5
8
10
12
14
15
16
18
21
24
24
24
24
24
29
32
32
32
32
32
33
39
44
63
64
76
80
80
84
84
88
108
112
115
115
115
127
127
127
127
127
127
127
127
127
127
127
127
127
127
127
127
127
127
192
192
196
222
236
256
256
256
256
256
256
256
256
256
256
256
256
256
256
280
309
386
386
439
452
508
508
512
512
512
512
512
532
550
728
1252
1252
1252
1757
1757
1757
1757
1952
2018
2018
2018
2018
4096
4100
4100
7956
7956
13080
52428
52428
65536
65568
65568
131072
196608
196608
196608
196608
196608
196608
196608
196608
196608
196608
196608
196608
196608
196610
196610
196800
196800
197216
197216
197798
197800
198056
199752
199760
199880
200848
201688
201688
201716
229584
229584
229592
229592
327684
327684
393742
458758
458758
589832
589832
661336
661336
720906
720906
851980
851980
983054
983054
983054
983054
1114128
1114128
1245202
1245202
1376276
1376276
1507350
1507350
1638424
1638424
1769498
1769498
1900572
1900572
2031646
2031646
2050536
2097152
2162720
2162720
2293794
2293794
2424868
2424868
2555942
2555942
2621440
2621442
2687016
2687016
2818090
2818090
2949164
2949164
3080238
3080238
3145776
3211312
3211312
3276848
3342386
3342386
3473460
3473460
3538992
3604534
3604534
3735608
3735608
3866682
3866682
3997724
3997756
3997756
4018176
4030464
4128830
4128830
4259904
4259904
4259936
4390978
4390978
4390978
4391004
4391004
4522032
4522052
4522052
4522052
4653126
4653126
4653126
4784200
4784200
4784200
4915274
4915274
4915274
5046348
5046348
5046348
5111900
5177422
5177422
5177422
5308496
5308496
5308496
5374044
5439570
5439570
5439570
5439580
5439596
5570644
5570644
5570644
5636188
5701718
5701718
5701718
5832792
5832792
5832792
5963866
5963866
6029413
6029433
6094940
6094940
6226014
6226014
6357069
6357088
6488162
6619236
6619250
6750309
6750310
6750318
6815843
6881384
6881395
6881396
7012458
7077999
7143424
7143444
7143474
7143525
7143532
7203332
7203340
7203372
7203376
7203388
7203432
7203432
7203516
7203516
7203576
7203576
7203576
7203588
7203628
7203676
7203748
7203792
7203792
7203792
7203824
7203964
7203996
7204112
7204120
7204132
7204148
7204160
7204192
7204192
7204216
7204392
7204424
7204432
7204440
7204464
7204472
7204472
7204472
7204472
7204472
7204536
7204542
7204544
7204544
7204544
7204570
7204768
7204792
7204792
7204800
7204800
7204844
7204844
7204848
7204848
7204968
7204984
7205000
7205000
7205420
7205424
7205440
7205444
7205548
7205604
7205604
7205616
7205632
7205648
7205696
7206062
7206063
7206063
7206064
7206260
7206260
7206260
7206260
7206401
7206516
7206580
7206612
7206616
7206616
7206616
7206664
7206664
7206728
7206752
7206760
7206772
7206772
7206808
7206824
7206824
7206916
7206960
7206960
7206968
7206968
7207032
7207120
7207144
7207200
7207216
7207472
7207472
7207504
7207520
7209065
7209071
7209071
7274563
7274606
7274610
7405680
7471205
7471215
7471220
7471220
7471221
7536745
7536748
7536754
7602277
7602286
7602286
7602291
7667828
7798902
7929939
7929976
8061018
8061050
8192124
8192124
8323198
8323198
8388608
8462508
8462508
9240576
9240576
9240576
9240576
9240576
9240576
9240576
9240576
9240576
9240576
9240576
9240576
9240576
9240576
9240576
9240576
9240736
9240768
9240914
9240914
9241184
9241184
9241184
9241184
9241248
9241752
9254168
9254176
9254920
9255072
9255072
9255072
9255072
9255116
9255132
9256520
9256520
9256688
9257652
9257728
9257832
9257840
9257928
9257928
9267448
9267448
9267448
9267456
9267456
9267456
9267456
9281792
9281792
9372029
9372029
10289490
10289491
10551456
10551456
10682530
10682530
10813604
10813604
10944678
10944678
11075752
11075752
11206826
11206826
11337900
11337900
11468974
11468974
11600048
11600048
11731122
11862196
11993270
12124344
12124344
12255418
12255418
12386492
12386492
12517566
12648640
12648640
12779714
12779714
12910788
12910788
13041862
13041862
13172936
13172936
13304010
13304010
13435084
13435084
13566158
13566158
13697232
13697232
13828306
13828306
13959380
13959380
14090454
14155800
14221528
14221528
14352602
14352602
14483676
14483676
14614750
15663342
16056370
16187606
16449786
16711934
16777215
16777216
16777244
16777244
16777596
16777809
16842753
19202175
24641758
24641917
24641918
26288154
26353690
33554434
33554944
34603520
34603536
34603536
34603536
34603536
34603536
34603536
34603536
34603536
34603536
34603536
34603536
34603536
34603536
34603536
34603536
34603536
34603536
34603536
34603536
34603536
34603536
34603536
34603536
34603536
34603536
34603536
34603536
34603552
34603592
34603592
34603777
34603777
34603777
34603778
34603778
34603794
34603794
34865680
34865684
35652096
35652112
35652128
35652128
35652128
35652128
35652128
35652128
35652128
35652128
35652128
35652128
35652128
35652128
35652168
35652353
35652353
36176424
36176424
36700688
37076676
37076676
37076676
40370720
42205828
42205828
42205828
42205828
42205828
44427773
50397953
50397953
50397953
50397953
50397953
50397953
50397953
50397953
50397953
50397953
50397953
50397953
50397953
50397953
50397953
50397953
50397953
50397953
50397953
50397953
50397953
50397953
50397953
50397954
50398081
50463008
50463248
50463489
50463490
50463490
50463490
50463490
50463490
50463490
50463490
50463490
50463490
50463490
50463490
50463490
50463490
50463490
50463490
50463490
50463490
50463618
51511824
58786320
58786689
58786689
58851856
58852226
58852226
185207048
218103821
318767123
538189843
538189843
538443920
538443920
538714137
538714137
539041824
539041824
539107357
539107357
539369502
539369502
540017350
540017350
540606816
540606816
540672352
540672353
553648161
553648161
555877084
555877084
603980069
603980069
603980069
603980069
603980069
603980069
603980069
842072834
1744830568
1744830568
1964172381
1964172397
1964172477
1964172637
1964172973
1964172989
1964173893
1964174325
1964174573
1964175293
1964175401
1964175497
1964176713
1964176757
1964177337
1968170972
1968171018
1968171360
1968171372
1968793410
1968825512
1968825633
1968854690
1968903150
1968903180
1968905165
1968923518
1968923531
1997070090
1997070273
1997105330
1997105523
1997105573
1997105584
1997105652
1997130272
1997488248
1997492672
1997505660
1997512704
2009797236
2010013792
2010054539
2010062546
2010062546
2010062645
2010064247
2010064756
2010064988
2010075046
2010086366
2010086366
2010086366
2010086366
2010090244
2010090244
2010090244
2010090244
2010090244
2010090244
2010094222
2010094345
2010094885
2010094979
2010096154
2010096273
2010156930
2010156930
2010181254
2010229164
2010229292
2010229484
2010262512
2010268995
2010270595
2010270682
2010937888
2147288660
2147293750
