-765114187
-833
-830
-19
-16
-2
0
0
0
0
0
0
0
0
0
0
0
0
0
0
0
1
1
3
4
5
5
5
8
21
24
28
28
28
59
112
128
128
128
838
10916
196608
196608
196608
196608
196608
196608
196800
197216
197288
198016
198056
200216
200224
200224
200224
200224
200224
200240
200240
200248
238584
238808
238808
4407792
5013248
7207788
7207848
7208030
7208030
7208030
7208080
9256520
16777216
16842880
16875736
44427677
54924072
58590078
83886085
402653208
402653208
402653208
1157628742
1157628742
1157628742
1964171285
1964171365
1968859317
1969615252
1969618488
1997041876
1997102348
2010068963
2010069010
2010075046
2010075046
2010168681
2010262512
2147155970
